Cpf=0 Rpf=0 Ccs=0 Rcs=0
c0=464109488.5208645 c1=184.1162771053827 cr=0.9998991398416248
j0=8087072758.191376 j1=791.4131064245756 jr=0.9994824537153032
k0=3337124417.336193 k1=429.5929550283225 kr=0.9995945934506012
p0=-4817378605.784317 p1=1957.7288049975675 pr=0.9997783200818796
