python munge-time.py 
Cpf=6629.879963461442 Rpf=0.9995693312248809 Ccs=280429.2107520179 Rcs=0.9827285841303431
c0=412869196.32608986 c1=181.17331423011504 (1) cr=0.9998945452898219
j0=7165892053.425095 j1=781.8592628210911 (4.315532152974925) jr=0.9994338153518819
k0=2917979303.1978607 k1=421.98936467250587 (2.3292026558421366) kr=0.9996652812808696
p0=-4919713794.578186 p1=1946.2896900346389 (10.742695182815849) pr=0.9997826544298695
